--cnn50-- at 55.54
[1.2915175997161865]
--cnnResidualMultiheadAttention90-- at 90.09
[1.6237959083938598, 1.1388339287757874, 0.8911852191543579, 0.7335823692512512, 0.6284027061653137, 0.5641364953231811, 0.5059049349975586, 0.4661722927665711, 0.4274559443092346, 0.3967687600135803, 0.33489569701194766, 0.2994220189285278, 0.28273159143447874, 0.26141963994026185, 0.2509654492759705, 0.2357214131641388, 0.22049889904499054, 0.20821296048164367, 0.198614546585083, 0.19471440948963165, 0.153980534491539, 0.1429966243314743, 0.12969655235290528, 0.12944597293376922, 0.1192438863515854, 0.11402094141483307, 0.10924351597309112, 0.10845024627923966, 0.10331602624177932, 0.09937352663040161, 0.0786673882675171, 0.07301589522123336, 0.07100921535491943, 0.06468399725914001, 0.059348345010280606, 0.06116255818247795, 0.05719005620956421, 0.05804185951709747, 0.053251013407707215, 0.05121345733880997, 0.042284419429302215, 0.04068739238023758, 0.03563194665193558, 0.03303228107213974, 0.034138957028388976, 0.03203348610162735, 0.029855415847301482, 0.02871750042617321, 0.031211648322343827, 0.02976163594722748]
--multihead_attention-- at 9.49
[4.172664746246338]--cnn50-- at 43.03
[1.7721869525146485]
--cnn50-- at 49.22 accuracy and a 1.5116 loss
[1.5115954568481444]
--cnn50-- at 10.48% accuracy and a 4.1818 loss
[4.181797105560303]
